sin(12.3524) = -0.212357
sin(43.222) = -0.689165
sin(92.6586) = -0.999832
sin(33.6096) = 0.81223
sin(79.3512) = -0.725221
sin(47.9975) = -0.766663
sin(90.2262) = 0.770741
sin(58.9191) = 0.696945
sin(65.0204) = 0.815197
sin(7.21205) = 0.800944
