sqrt(23.9653) = 4.89543
sqrt(45.1993) = 6.72305
sqrt(32.1846) = 5.67314
sqrt(49.4814) = 7.0343
sqrt(52.9466) = 7.27644
sqrt(46.7146) = 6.83481
sqrt(67.2252) = 8.1991
sqrt(20.2997) = 4.50551
sqrt(9.40791) = 3.06723
sqrt(87.0168) = 9.32828
