sin(79.4802) = -0.807781 correct
sin(40.6363) = 0.20294 correct
sin(14.4813) = 0.941385 correct
sin(2.98078) = 0.160122 correct
sin(49.8002) = -0.448659 correct
sin(60.0492) = -0.351306 correct
sin(83.1935) = 0.998279 correct
sin(34.6336) = -0.07603 correct
sin(42.3038) = -0.994203 correct
sin(78.2777) = 0.259113 correct
