sqrt(99.6938) = 9.98468 correct
sqrt(81.2962) = 9.01644 correct
sqrt(88.4063) = 9.40246 correct
sqrt(73.9285) = 8.59817 correct
sqrt(59.5343) = 7.71585 correct
sqrt(26.452) = 5.14315 correct
sqrt(76.8464) = 8.76621 correct
sqrt(8.24324) = 2.8711 correct
sqrt(33.8967) = 5.82209 correct
sqrt(65.7178) = 8.10665 correct
